LogLevel=1
#if ParamVersion changed, cocf.fw will be regenerated
ParamVersion=13
FWVersion=707584
PanelCalibration=1
PanelNitsCalibration=1
CMDebug=0
inParam100nits=1
ForcePanelIdMatch=1
GammaCorrection=1
GammaWK=1
ReplaceOdf=1
ReplaceIndex=6, 7
TargetOdf=5
ColorGamutExtension=1
Frame=12
Step=1
sLuxStart=10000
sLuxEnd=60000
Mdealy=100
RGB_XY_100_75_Step=0.031008,-0.009456,-0.006348,0.068120,-0.005520,-0.004656,-0.00003,0.0000,0.031008,-0.009456,-0.006348,0.068120,-0.005520,-0.004656,-0.00003,0.0000
DualInterpolation=1
#PanelName=PanelId, PanelName:be set at dts, PanelId: 0~99:primary panel(default without setting), 100~199: secondary panel
AA592_P_7_A0014_dsc_cmd_mode_panel=0

AA592_P_7_A0014_dsc_cmd_mode_panel_Vivid=0.6810 0.3210 0.2660 0.6870 0.1460 0.0560 0.3015 0.3128 0.4545454545  0.6790 0.3210 0.2660 0.6830 0.1460 0.0560 0.3015 0.3128  0.4545454545  1  0  0  0  0  0  0  0.4545454545  1  0  0  -0.01  -0.02  -0.085
AA592_P_7_A0014_dsc_cmd_mode_panel_Nature=0.643 0.3300 0.3000 0.6020 0.1500 0.0600 0.3085 0.3245 0.4545454545  0.6410 0.3290 0.3000 0.6020 0.1500 0.0600 0.3085 0.3245  0.4545454545  1  0  0  0  0  0  0  0.4545454545  1  0  0  0  0  0
AA592_P_7_A0014_dsc_cmd_mode_panel_Cinema=0.681 0.3210 0.2660 0.6890 0.1500 0.0600 0.3085 0.3245 0.4545454545  0.6810 0.3210 0.2660 0.6890 0.1500 0.0600 0.3085 0.3245  0.4545454545  1  0  0  0  0  0  0  0.4545454545  1  0  0  0  0  0
AA592_P_7_A0014_dsc_cmd_mode_panel_LsRGB=0.6440 0.3290 0.3000 0.6020 0.1450 0.0550 0.3018 0.3120 0.4545454545  0.6440 0.3290 0.3000 0.6000 0.1450 0.0550 0.3018 0.3120  0.4545454545  1  0  0  0  0  0  0  0.4545454545  1  0  0  0  0  0
AA592_P_7_A0014_dsc_cmd_mode_panel_EsRGB=0.6702 0.3250 0.2757 0.6826 0.1396 0.0468 0.3018 0.3120 0.4545454545 20 1  0.64  0.33  0.30  0.60  0.15  0.06  0.3018 0.3120  0.4545454545  0.026  0.013  0.252  0.515  -24  0.04  0.02  0.252  0.515  -24  10
AA592_P_7_A0014_dsc_cmd_mode_panel_EP3=0.6702   0.3250 0.2757 0.6826 0.1396 0.0468 0.3018 0.3120 0.4545454545 20 1  0.64  0.33  0.30  0.60  0.15  0.06  0.3018 0.3120  0.4545454545  0.026  0.013  0.252  0.515  -24  0.04  0.02  0.252  0.515  -24  10

AA592_P_7_A0014_dsc_cmd_mode_panel_Vivid_100nits=0.6800 0.3210 0.2660 0.6870 0.1465 0.0555 0.3015 0.3128 0.4545454545  0.6790 0.3210 0.2660 0.6830 0.1460 0.0550 0.3015 0.3128 0.4545454545  1  0  0  0  0  0  0  0.4545454545  1  0  0  -0.05  -0.07  -0.12
AA592_P_7_A0014_dsc_cmd_mode_panel_Nature_100nits=0.643 0.3320 0.3040 0.5940 0.1520 0.0620 0.3085 0.3245 0.4545454545  0.6380 0.3310 0.3040 0.5940 0.1520 0.0640 0.3085 0.3245 0.4545454545  1  0  0  0  0  0  0  0.4545454545  1  0  0  -0.05  -0.07  -0.12
AA592_P_7_A0014_dsc_cmd_mode_panel_Cinema_100nits=0.681 0.3210 0.2670 0.6880 0.1520 0.0620 0.3085 0.3245 0.4545454545  0.6780 0.3200 0.2660 0.6870 0.1520 0.0640 0.3085 0.3245 0.4545454545  1  0  0  0  0  0  0  0.4545454545  1  0  0  -0.05  -0.07  -0.12
AA592_P_7_A0014_dsc_cmd_mode_panel_LsRGB_100nits=0.6440 0.3290 0.3000 0.6020 0.1450 0.0550 0.3018 0.3120 0.4545454545  0.6420 0.3300 0.3000 0.6000 0.1450 0.0550 0.3018 0.3120 0.4545454545  1  0  0  0  0  0  0  0.4545454545  1  0  0  0  0  0
AA592_P_7_A0014_dsc_cmd_mode_panel_EsRGB_100nits=0.6702 0.3250 0.2757 0.6826 0.1396 0.0468 0.3018 0.3120 0.4545454545 20  1  0.64  0.33  0.30  0.60  0.15  0.06  0.3018 0.3120 0.4545454545  0.026  0.013  0.252  0.515  -24  0.04  0.02  0.252  0.515  -24  10
AA592_P_7_A0014_dsc_cmd_mode_panel_EP3_100nits=0.6702   0.3250 0.2757 0.6826 0.1396 0.0468 0.3018 0.3120 0.4545454545 20  1  0.64  0.33  0.30  0.60  0.15  0.06  0.3018 0.3120 0.4545454545  0.026  0.013  0.252  0.515  -24  0.04  0.02  0.252  0.515  -24  10

AA592_P_7_A0014_dsc_cmd_mode_panel_Vivid_2nits=0.6820  0.3200  0.2640 0.6930 0.1440 0.0530 0.3018 0.3120 0.4545454545  0.6820 0.3200 0.2640 0.6930 0.1440 0.0530 0.3018 0.3120 0.4545454545  1  0  0  0  0  0  0  0.4545454545  1  -0.12  -0.12  -0.14  -0.18  -0.3
AA592_P_7_A0014_dsc_cmd_mode_panel_Nature_2nits=0.643  0.3300  0.3000 0.6000 0.1490 0.0580 0.3085 0.3230 0.4545454545  0.6430 0.3300 0.3000 0.6000 0.1490 0.0580 0.3085 0.3230 0.4545454545  1  0  0  0  0  0  0  0.4545454545  1  -0.12  -0.12  -0.14  -0.18  -0.3
AA592_P_7_A0014_dsc_cmd_mode_panel_Cinema_2nits=0.682  0.3200  0.2640 0.6930 0.1490 0.0580 0.3085 0.3230 0.4545454545  0.6820 0.3200 0.2640 0.6930 0.1490 0.0580 0.3085 0.3230 0.4545454545  1  0  0  0  0  0  0  0.4545454545  1  -0.12  -0.12  -0.14  -0.18  -0.3
AA592_P_7_A0014_dsc_cmd_mode_panel_LsRGB_2nits=0.6440  0.3290  0.3000 0.6020 0.1450 0.0550 0.3018 0.3120 0.4545454545  0.6400 0.3300 0.3000 0.6000 0.1450 0.0550 0.3018 0.3120 0.4545454545  1  0  0  0  0  0  0  0.4545454545  1  0  0  0  0  0
AA592_P_7_A0014_dsc_cmd_mode_panel_EsRGB_2nits=0.6702  0.3250  0.2757 0.6826 0.1396 0.0468 0.3018 0.3120 0.4545454545 20  1  0.64  0.33  0.30  0.60  0.15  0.06  0.3018 0.3120 0.4545454545  0.026  0.013  0.252  0.515  -24  0.04  0.02  0.252  0.515  -24  10
AA592_P_7_A0014_dsc_cmd_mode_panel_EP3_2nits=0.6702    0.3250  0.2757 0.6826 0.1396 0.0468 0.3018 0.3120 0.4545454545 20  1  0.64  0.33  0.30  0.60  0.15  0.06  0.3018 0.3120 0.4545454545  0.026  0.013  0.252  0.515  -24  0.04  0.02  0.252  0.515  -24  10

